00
00
00
00
00
00
00
00
00
00
00
00
00
00
00
00
00
00
00
00
00
00
00
00
00
00
00
00
00
00
00
00
00
00
00
00
00
00
00
00
00
00
00
00
00
00
00
00
00
00
00
00
00
00
00
00
00
00
00
00
00
00
00
00
00
00
00
00
00
00
00
00
00
00
00
00
00
00
00
00
00
00
00
00
00
00
00
00
00
00
00
00
00
00
00
00
00
00
00
00
00
00
00
00
00
00
00
00
00
00
00
00
00
00
00
00
00
00
00
00
00
00
00
00
00
00
00
00
00
00
00
00
00
00
00
00
00
00
00
00
00
00
00
00
00
00
00
00
00
00
00
00
00
00
00
00
00
00
00
00
00
00
00
00
00
00
00
00
00
00
00
00
00
00
00
00
00
00
00
00
00
00
00
00
00
00
00
00
00
00
00
00
00
00
00
00
00
00
00
00
00
00
00
00
00
00
00
00
00
00
00
00
00
00
00
00
00
00
00
00
00
00
00
00
00
00
00
00
00
00
00
00
00
00
00
00
00
00
00
6D
13
00
71
15
00
82
0C
00
35
05
00
24
00
00
00
00
00
00
00
00
00
00
00
00
00
00
00
00
00
00
00
00
00
00
00
00
00
00
00
00
00
00
00
00
00
00
00
00
00
00
00
00
00
00
00
00
00
00
00
10
00
00
00
00
00
00
00
00
B6
00
00
EA
00
00
C6
00
00
B6
00
00
94
00
00
83
00
00
49
00
00
49
00
00
49
00
00
49
00
00
4D
00
00
60
0A
00
74
24
00
98
1C
00
9F
07
00
34
00
00
00
00
00
00
00
00
00
00
00
00
00
00
2D
00
00
62
00
3E
BE
00
76
C8
00
A2
FF
00
79
FF
00
4D
DE
00
0E
DE
00
00
F6
00
00
FF
00
00
FF
00
00
FF
00
00
FF
00
00
FF
00
00
FF
00
00
FF
2B
00
FB
51
00
FF
4D
00
FF
1C
00
A1
00
00
00
00
00
00
00
00
00
00
00
00
00
00
05
00
5C
70
00
A6
F3
00
C6
FF
00
B1
FF
00
A2
FF
00
9D
FF
00
AF
FF
00
C6
FF
00
CA
FF
00
D1
FF
00
CC
FF
00
D5
FF
00
C7
FF
00
91
FF
00
85
FF
58
6A
73
9C
3D
FF
7C
28
FF
31
15
9C
00
00
00
00
00
00
00
00
00
00
00
00
00
42
00
00
8D
00
00
B2
42
00
9D
6C
00
63
9B
00
54
CB
00
59
FF
00
84
FF
00
8B
FF
00
A5
FF
00
B9
FF
00
BC
FF
00
C5
FF
00
75
FF
00
51
FF
00
5D
FF
A3
5D
FF
E2
47
FF
9D
2D
FF
36
0E
2C
00
00
00
00
00
00
00
00
00
00
00
00
00
37
00
00
5D
00
00
5D
00
00
3B
00
00
2C
00
00
3C
00
00
4B
00
00
55
06
00
4F
22
00
5F
2B
00
62
3D
00
68
43
00
3B
33
00
00
3B
00
1D
7B
24
5A
F4
D6
3D
FF
E6
18
FF
99
00
A9
24
00
01
00
00
00
00
00
00
00
00
00
00
00
00
00
0C
00
00
17
00
00
11
00
00
0A
00
00
06
00
00
1A
00
00
2D
00
00
18
00
00
13
00
00
0D
00
00
0F
00
00
00
00
00
00
00
00
00
00
00
52
00
2E
7E
CA
E3
34
FF
E5
00
FF
6F
00
43
08
00
02
00
00
00
00
00
00
00
00
00
00
00
00
00
00
00
00
00
00
00
00
00
00
00
00
00
00
00
00
03
00
00
0C
00
04
05
00
00
09
00
00
01
00
00
00
00
00
00
00
00
00
00
00
31
00
00
D4
6B
A1
BE
FF
F5
44
FF
BB
00
8F
30
00
06
00
00
00
00
00
00
00
00
00
00
00
00
00
00
00
00
00
00
00
00
00
00
00
00
00
00
00
00
00
00
00
00
00
00
00
00
00
00
00
00
00
00
00
00
00
00
00
00
00
00
19
00
07
28
00
B9
22
24
F1
FF
E6
84
FF
E8
00
FF
70
00
00
0A
00
00
00
00
00
00
00
00
00
00
00
00
00
00
00
00
00
00
00
00
00
00
00
00
00
00
00
00
00
00
00
00
00
00
00
00
00
00
00
00
00
00
00
00
00
00
00
00
00
01
00
00
24
00
6F
21
00
FF
4F
A8
B9
FF
F5
2E
FF
B6
00
88
2A
00
05
01
00
01
00
00
00
00
00
00
00
00
00
00
00
00
00
00
00
00
00
00
00
00
00
00
00
00
00
00
00
00
00
00
00
00
00
00
00
00
00
00
00
00
00
00
00
00
00
00
00
06
00
07
09
00
AF
25
31
D2
D1
E3
61
FF
E7
00
FF
62
00
00
02
00
00
00
00
00
00
00
00
00
00
00
00
00
00
00
00
00
00
00
00
00
00
00
00
00
00
00
00
00
00
00
00
00
00
00
00
00
00
00
00
00
00
00
00
00
00
00
00
00
00
00
00
00
00
4F
00
00
DA
74
B3
93
FF
E5
1E
FF
A9
00
6F
1A
00
00
00
00
00
00
00
00
00
00
00
00
00
00
00
00
00
00
00
00
00
00
00
00
00
00
00
00
00
00
00
00
00
00
00
00
00
00
00
00
00
00
00
00
00
00
00
00
00
00
00
00
14
00
00
00
00
AA
17
4E
D5
FF
DE
67
FF
D8
00
FA
59
00
00
00
00
00
00
00
00
00
00
00
00
00
00
00
00
00
00
00
00
00
00
00
00
00
00
00
00
00
00
00
00
00
00
00
00
00
00
00
00
00
00
00
00
00
00
00
00
00
00
00
00
0A
00
00
13
00
5C
1A
00
F0
FF
CB
B6
FF
E6
2B
FF
A1
00
54
18
00
00
00
00
00
00
00
00
00
00
00
00
00
00
00
00
00
00
00
00
00
00
00
00
00
00
00
00
00
00
00
00
00
00
00
00
00
00
00
00
00
00
00
00
00
00
00
00
00
0F
00
00
25
00
42
3D
00
EE
64
88
FE
FF
F5
65
FF
CA
00
9C
51
00
00
00
00
00
00
00
00
00
00
00
00
00
00
00
00
00
00
00
00
00
00
00
00
00
00
00
00
00
00
00
00
00
00
00
00
00
00
00
00
00
00
00
00
00
00
00
00
00
00
00
00
07
00
00
2D
00
B6
4D
15
FF
FF
F0
A9
FF
DF
0F
F2
83
00
0D
13
00
00
00
00
00
00
00
00
00
00
00
00
00
00
00
00
00
00
00
00
00
00
00
00
00
00
00
00
00
00
00
00
00
00
00
00
00
00
00
00
00
00
00
00
00
00
00
00
00
14
00
00
15
00
76
10
00
F5
E4
AD
C6
FF
FF
1C
FF
A9
00
4E
31
00
00
00
00
00
00
00
00
00
00
00
00
00
00
00
00
00
00
00
00
00
00
00
00
00
00
00
00
00
00
00
00
00
00
00
00
00
00
00
00
00
00
00
00
00
00
00
00
00
00
00
00
15
00
25
00
00
B3
60
48
C7
FF
FF
3A
FF
EF
00
FF
5A
00
37
02
00
00
00
00
00
00
00
00
00
00
00
00
00
00
00
00
00
00
00
00
00
00
00
00
00
00
00
00
00
00
00
00
00
00
00
00
00
00
00
00
00
00
00
00
00
00
00
00
00
18
00
00
3A
00
7B
3B
00
D6
FC
D6
91
FF
FF
01
FF
C2
00
FF
21
00
2D
00
00
00
00
00
00
00
00
00
00
00
00
00
00
00
00
00
00
00
00
00
00
00
00
00
00
00
00
00
00
00
00
00
00
00
00
00
00
00
00
00
00
00
00
00
00
00
0B
00
00
23
00
67
33
00
D1
81
5B
FF
FF
FF
78
FF
EA
17
FF
81
00
50
12
00
09
00
00
00
00
00
00
00
00
00
00
00
00
00
00
00
00
00
00
00
00
00
00
00
00
00
00
00
00
00
00
00
00
00
00
00
00
00
00
00
00
00
00
00
00
00
00
00
1A
00
62
3B
00
FF
92
00
FF
C6
AB
FF
FF
DB
64
F2
BA
00
64
4E
00
00
0B
00
00
00
00
00
00
00
00
00
00
00
00
00
00
00
00
00
00
00
00
00
00
00
00
00
00
00
00
00
