00
00
00
00
00
00
00
00
00
00
00
00
00
00
00
00
00
00
00
00
00
00
00
00
00
00
00
00
00
00
00
00
00
00
00
00
00
00
00
00
00
00
00
00
00
00
00
6D
15
00
82
0C
00
35
00
00
00
00
00
00
00
00
00
00
00
00
00
00
00
00
00
00
00
00
00
00
00
62
00
76
C8
00
A2
FF
00
4D
DE
00
00
FF
00
00
FF
00
00
FF
00
00
FF
51
00
FF
4D
00
FF
00
00
00
00
00
00
00
8D
70
00
C6
FF
00
B1
FF
00
AF
FF
00
CA
FF
00
D1
FF
00
D5
FF
00
91
FF
E2
6A
FF
9D
2D
FF
00
00
00
00
00
00
00
5D
00
00
5D
00
00
3C
00
00
55
06
00
5F
2B
00
68
43
00
3B
3B
2E
7E
F4
E6
3D
FF
99
00
A9
00
00
00
00
00
00
00
00
00
00
00
00
00
03
00
04
0C
00
00
09
00
00
00
19
00
B9
28
E6
F1
FF
F5
44
FF
30
00
06
00
00
00
00
00
00
00
00
00
00
00
00
00
00
00
00
00
00
00
00
00
00
07
24
31
FF
D1
F5
B9
FF
B6
00
88
01
00
01
00
00
00
00
00
00
00
00
00
00
00
00
00
00
00
00
00
00
00
00
14
00
AA
17
DE
DA
FF
E5
1E
FF
1A
00
00
00
00
00
00
00
00
00
00
00
00
00
00
00
00
00
00
00
00
00
00
0F
00
42
3D
88
FE
FF
F5
B6
FF
A1
00
54
00
00
00
00
00
00
00
00
00
00
00
00
00
00
00
00
00
00
00
00
00
00
00
15
00
F5
E4
FF
FF
FF
DF
0F
F2
13
00
00
00
00
00
00
00
00
00
00
00
00
00
00
00
00
00
00
00
00
00
00
18
00
7B
3B
D6
D6
FF
FF
3A
FF
5A
00
37
00
00
00
00
00
00
00
00
00
00
00
00
00
00
00
00
00
00
00
00
00
00
62
3B
00
FF
C6
FF
FF
FF
EA
17
FF
12
00
09
00
00
00
00
00
00
00
00
00
00
00
00
