00
00
00
00
00
00
00
00
00
00
00
00
00
00
00
00
00
00
00
00
00
00
00
00
00
00
00
00
00
00
00
00
00
00
00
00
00
00
00
00
00
00
00
00
00
00
00
00
00
00
00
00
00
00
00
00
00
00
00
00
00
00
00
00
00
00
00
00
00
00
00
00
00
00
00
00
00
00
00
00
00
00
00
00
00
00
00
00
00
00
00
00
00
00
00
00
00
00
00
00
00
00
00
00
00
00
00
00
00
00
00
00
00
00
00
00
00
00
00
00
00
00
00
00
00
00
00
00
00
00
00
00
00
00
00
00
00
00
00
00
00
00
00
00
00
00
00
00
00
00
00
00
00
00
00
00
00
00
00
00
00
00
00
00
00
00
00
00
00
00
00
00
00
00
00
00
00
00
00
00
00
00
00
00
00
00
00
00
00
00
00
00
00
00
00
00
00
00
00
00
00
00
00
00
00
00
00
00
00
00
00
00
00
00
00
00
00
00
00
00
00
00
00
00
00
00
00
00
00
00
00
00
00
00
20
00
34
28
00
6B
2C
00
5D
17
00
52
0B
00
20
02
00
12
00
00
00
00
00
00
00
00
00
00
00
00
00
00
00
00
00
00
00
00
00
00
00
00
00
00
00
00
00
00
00
00
00
00
00
00
00
00
00
00
00
00
00
00
00
00
00
00
00
00
09
00
00
4C
00
00
CE
0F
00
FC
13
00
D6
19
00
BB
05
00
8A
00
00
74
00
00
54
00
00
54
00
00
54
00
00
54
01
00
5A
2E
00
74
40
00
7D
32
00
70
13
00
58
02
00
1A
00
00
00
00
00
00
00
00
00
00
00
00
00
00
2C
00
0E
0A
00
44
78
00
79
F9
0C
6F
FF
11
32
FF
0A
00
FF
17
00
FF
00
00
FF
00
00
FF
00
00
FF
00
00
FF
00
00
FF
00
00
FF
00
00
FF
2D
00
FF
72
00
FF
5A
00
FF
37
00
C2
0C
00
56
00
00
00
00
00
00
00
00
00
00
00
00
00
48
2B
00
B3
09
00
FF
7B
0C
FF
FF
60
FF
FF
64
F8
FF
4C
D1
FF
5E
E2
FF
43
E8
FF
3E
ED
FF
36
E8
FF
3D
EC
FF
56
F5
FF
00
C1
FF
00
81
FF
65
6C
FF
D7
5E
FF
B6
19
FF
69
0E
EF
25
09
5A
00
00
00
00
00
00
00
00
00
00
00
00
00
62
00
00
D2
00
00
FF
00
00
FF
08
03
D0
23
02
A5
56
02
A2
A6
31
C3
E5
45
E8
FF
4C
FF
FF
71
FF
FF
60
FF
FF
5C
FF
FF
00
B6
FF
00
96
FF
D4
8E
FF
FF
5C
FF
D6
2F
FF
7D
17
F2
3A
12
1E
00
00
00
00
00
00
00
00
00
00
00
00
00
42
00
00
8D
00
00
C2
00
00
AE
00
00
46
00
00
51
00
00
71
00
00
65
00
00
6C
00
00
79
00
00
99
00
00
93
00
00
31
00
00
0D
00
00
62
00
9D
83
A2
BC
07
FF
8F
00
FF
66
00
93
1F
00
02
00
00
00
00
00
00
00
00
00
00
00
00
00
0E
00
00
26
00
00
34
00
00
33
00
00
14
00
00
29
00
00
64
00
00
4E
00
00
3C
00
00
1B
00
00
18
00
00
00
00
00
00
00
00
00
00
00
84
00
87
82
A0
B0
1A
FF
77
00
FF
30
00
1E
00
00
08
00
00
00
00
00
00
00
00
00
00
00
00
00
00
00
00
00
00
00
00
00
00
00
00
00
00
00
00
04
00
00
11
00
03
14
00
00
1C
00
00
0B
00
00
00
00
00
00
00
00
00
00
00
66
00
4D
FF
2A
D8
E8
FF
AB
74
FF
53
00
50
00
00
00
00
00
06
00
00
00
00
00
00
00
00
00
00
00
00
00
00
00
00
00
00
00
00
00
00
00
00
00
00
00
00
00
00
00
00
00
00
00
00
00
00
00
00
00
00
00
00
00
00
00
08
00
2B
00
00
FF
00
B0
FF
EF
E0
D6
FF
87
00
DE
2E
00
00
00
00
03
00
00
01
00
00
00
00
00
00
00
00
00
00
00
00
00
00
00
00
00
00
00
00
00
00
00
00
00
00
00
00
00
00
00
00
00
00
00
00
00
00
00
00
00
00
00
00
00
00
00
00
00
B9
00
5E
FF
3D
E1
FF
FF
AE
5D
FF
55
00
42
00
00
00
00
00
05
00
00
00
00
00
00
00
00
00
00
00
00
00
00
00
00
00
00
00
00
00
00
00
00
00
00
00
00
00
00
00
00
00
00
00
00
00
00
00
00
00
00
00
00
00
00
00
06
00
36
00
01
FF
00
B8
FF
CC
C9
B4
FF
79
00
A8
16
00
00
00
00
00
00
00
02
00
00
00
00
00
00
00
00
00
00
00
00
00
00
00
00
00
00
00
00
00
00
00
00
00
00
00
00
00
00
00
00
00
00
00
00
00
00
00
00
00
00
00
00
00
00
00
00
00
98
00
74
FF
30
D1
DD
FF
8D
38
FF
48
00
2D
00
00
00
00
00
03
00
00
00
00
00
00
00
00
00
00
00
00
00
00
00
00
00
00
00
00
00
00
00
00
00
00
00
00
00
00
00
00
00
00
00
00
00
00
00
00
00
00
00
00
00
00
00
08
00
20
00
11
FC
00
BB
FF
FF
C4
AE
FF
71
00
A8
18
00
00
00
00
09
00
00
00
00
00
00
00
00
00
00
00
00
00
00
00
00
00
00
00
00
00
00
00
00
00
00
00
00
00
00
00
00
00
00
00
00
00
00
00
00
00
00
00
00
00
00
00
00
00
00
18
00
9D
19
77
FF
C8
EE
F6
FF
A0
5B
FF
47
00
1B
00
00
00
00
00
03
00
00
00
00
00
00
00
00
00
00
00
00
00
00
00
00
00
00
00
00
00
00
00
00
00
00
00
00
00
00
00
00
00
00
00
00
00
00
00
00
00
00
00
00
00
00
00
06
00
73
28
30
FF
5F
D6
FF
FF
D0
B1
FF
6B
00
6C
11
00
00
00
00
0B
00
00
00
00
00
00
00
00
00
00
00
00
00
00
00
00
00
00
00
00
00
00
00
00
00
00
00
00
00
00
00
00
00
00
00
00
00
00
00
00
00
00
00
00
00
00
00
16
00
30
02
13
FF
36
95
FF
FF
EC
FF
FF
8D
2D
BD
2E
00
00
00
00
00
00
00
03
00
00
00
00
00
00
00
00
00
00
00
00
00
00
00
00
00
00
00
00
00
00
00
00
00
00
00
00
00
00
00
00
00
00
00
00
00
00
00
00
00
00
00
00
00
00
00
12
00
BA
00
75
FF
B9
D4
FF
FF
BD
57
FF
4F
00
19
00
00
00
00
00
0A
00
00
00
00
00
00
00
00
00
00
00
00
00
00
00
00
00
00
00
00
00
00
00
00
00
00
00
00
00
00
00
00
00
00
00
00
00
00
00
00
00
00
00
00
00
00
00
0A
00
41
00
26
F6
33
D4
FF
FF
ED
87
FF
7D
00
C3
03
00
00
00
00
02
00
00
02
00
00
00
00
00
00
00
00
00
00
00
00
00
00
00
00
00
00
00
00
00
00
00
00
00
00
00
00
00
00
00
00
00
00
00
00
00
00
00
00
00
00
00
00
07
00
12
00
00
A6
09
80
FF
CB
FF
D7
FF
C0
1D
FF
55
00
8B
00
00
16
00
00
04
00
00
00
00
00
00
00
00
00
00
00
00
00
00
00
00
00
00
00
00
00
00
00
00
00
00
00
00
00
00
00
00
00
00
00
00
00
00
00
00
00
00
00
00
07
00
00
00
00
95
00
00
FF
6E
E4
FF
FF
FF
A6
FF
6C
00
FF
47
00
45
09
00
0E
00
00
00
00
00
00
00
00
00
00
00
00
00
00
00
00
00
00
00
00
00
00
00
00
00
00
00
00
00
00
00
00
00
00
00
00
00
00
00
00
00
00
00
00
00
00
1C
2C
00
B3
00
00
FF
00
14
FF
57
BE
FF
F6
A3
91
FF
61
00
7F
2F
00
0D
07
00
01
00
00
00
00
00
00
00
00
00
00
00
00
00
00
00
00
00
00
00
00
00
00
00
00
00
00
00
