00
00
00
00
00
00
00
00
00
00
00
00
00
00
00
00
00
00
00
00
00
00
00
00
FF
22
00
B2
5C
00
6F
5F
00
3E
03
00
3C
00
00
00
1F
00
00
20
00
00
00
00
FF
FF
00
FF
FF
00
FF
FF
00
DE
FF
00
33
FF
00
00
FF
00
00
92
71
09
00
FE
F2
93
7A
CB
9B
A9
6F
7C
68
00
B7
00
00
E3
00
00
83
FF
5A
00
FF
68
00
FF
70
0A
21
22
02
29
00
06
00
00
58
00
0B
C1
00
80
17
FF
FF
00
FF
57
00
00
03
00
04
00
00
00
00
23
00
00
A6
00
80
19
FF
FF
00
FF
EB
00
FF
00
00
00
00
00
00
00
00
00
00
15
00
00
29
00
FF
00
FF
FF
00
FF
AB
00
00
00
00
00
00
00
00
00
00
00
00
00
00
94
00
FF
FF
00
FF
CB
00
46
00
00
00
00
51
00
