00
00
00
00
00
00
00
00
00
00
00
00
00
00
00
00
00
00
00
00
00
00
00
00
00
00
00
00
00
00
00
00
00
00
00
00
00
00
00
00
00
00
00
00
00
28
00
6B
2C
00
5D
0B
00
20
00
00
00
00
00
00
00
00
00
00
00
00
00
00
00
00
00
00
00
00
00
00
0E
2C
00
79
F9
11
6F
FF
19
00
FF
05
00
FF
00
00
FF
00
00
FF
2E
00
FF
72
00
FF
37
00
C2
00
00
00
00
00
00
00
D2
2B
0C
FF
FF
64
FF
FF
5E
E2
FF
4C
FF
FF
71
FF
FF
5C
FF
FF
D4
96
FF
FF
5E
FF
7D
17
F2
00
00
00
00
00
00
00
8D
00
00
C2
00
00
51
00
00
71
00
00
79
00
00
99
00
00
31
00
9D
84
A2
BC
1A
FF
66
00
93
00
00
00
00
00
00
00
00
00
00
00
00
00
04
00
03
14
00
00
1C
00
00
00
08
00
FF
00
E0
FF
FF
AB
74
FF
00
00
06
00
00
00
00
00
00
00
00
00
00
00
00
00
00
00
00
00
00
00
00
00
00
36
06
B8
FF
CC
E1
FF
FF
55
00
42
00
00
05
00
00
00
00
00
00
00
00
00
00
00
00
00
00
00
00
00
00
00
00
08
11
FC
00
D1
FF
FF
8D
38
FF
00
00
09
00
00
00
00
00
00
00
00
00
00
00
00
00
00
00
00
00
00
00
00
00
00
73
28
D6
FF
FF
EE
F6
FF
47
00
1B
00
00
03
00
00
00
00
00
00
00
00
00
00
00
00
00
00
00
00
00
00
00
00
16
75
FF
B9
EC
FF
FF
8D
2D
BD
00
00
0A
00
00
00
00
00
00
00
00
00
00
00
00
00
00
00
00
00
00
00
00
07
00
A6
0A
FF
FF
FF
ED
87
FF
03
00
16
00
00
02
00
00
00
00
00
00
00
00
00
00
00
00
00
00
00
00
00
00
00
B3
2C
14
FF
6E
FF
FF
FF
6C
00
FF
09
00
0E
00
00
00
00
00
00
00
00
00
00
00
00
